1499.8508300781
1500.8508300781
1501.8507080078
1502.8505859375
1503.8504638672
1504.8503417969
1505.8502197266
1506.8502197266
1507.8500976562
1508.8499755859
1509.8498535156
1510.8497314453
1511.8497314453
1512.8496093750
1513.8494873047
1514.8493652344
1515.8492431641
1516.8491210938
1517.8491210938
1518.8489990234
1519.8488769531
1520.8487548828
1521.8486328125
1522.8486328125
1523.8485107422
1524.8483886719
1525.8482666016
1526.8481445312
1527.8481445312
1528.8480224609
1529.8479003906
1530.8477783203
1531.8476562500
1532.8475341797
1533.8475341797
1534.8474121094
1535.8472900391
1536.8471679688
1537.8470458984
1538.8470458984
1539.8469238281
1540.8468017578
1541.8466796875
1542.8465576172
1543.8464355469
1544.8464355469
1545.8463134766
1546.8461914062
1547.8460693359
1548.8459472656
1549.8459472656
1550.8458251953
1551.8457031250
1552.8455810547
1553.8454589844
1554.8454589844
1555.8453369141
1556.8452148438
1557.8450927734
1558.8449707031
1559.8448486328
1560.8448486328
1561.8447265625
1562.8446044922
1563.8444824219
1564.8443603516
1565.8443603516
1566.8442382812
1567.8441162109
1568.8439941406
1569.8438720703
1570.8437500000
1571.8437500000
1572.8436279297
1573.8435058594
1574.8433837891
1575.8432617188
1576.8432617188
1577.8431396484
1578.8430175781
1579.8428955078
1580.8427734375
1581.8427734375
1582.8426513672
1583.8425292969
1584.8424072266
1585.8422851562
1586.8421630859
1587.8421630859
1588.8420410156
1589.8419189453
1590.8417968750
1591.8416748047
1592.8416748047
1593.8415527344
1594.8414306641
1595.8413085938
1596.8411865234
1597.8411865234
1598.8410644531
1599.8409423828
1600.8408203125
1601.8406982422
1602.8405761719
1603.8405761719
1604.8404541016
1605.8403320312
1606.8402099609
1607.8400878906
1608.8400878906
1609.8399658203
1610.8398437500
1611.8397216797
1612.8395996094
1613.8394775391
1614.8394775391
1615.8393554688
1616.8392333984
1617.8391113281
1618.8389892578
1619.8389892578
1620.8388671875
1621.8387451172
1622.8386230469
1623.8385009766
1624.8385009766
1625.8383789062
1626.8382568359
1627.8381347656
1628.8380126953
1629.8378906250
1630.8378906250
1631.8377685547
1632.8376464844
1633.8375244141
1634.8374023438
1635.8374023438
1636.8372802734
1637.8371582031
1638.8370361328
1639.8369140625
1640.8367919922
1641.8367919922
1642.8366699219
1643.8365478516
1644.8364257812
1645.8363037109
1646.8363037109
1647.8361816406
1648.8360595703
1649.8359375000
1650.8358154297
1651.8358154297
1652.8356933594
1653.8355712891
1654.8354492188
1655.8353271484
1656.8352050781
1657.8352050781
1658.8350830078
1659.8349609375
1660.8348388672
1661.8347167969
1662.8347167969
1663.8345947266
1664.8344726562
1665.8343505859
1666.8342285156
1667.8341064453
1668.8341064453
1669.8339843750
1670.8338623047
1671.8337402344
1672.8336181641
1673.8336181641
1674.8334960938
1675.8333740234
1676.8332519531
1677.8331298828
1678.8331298828
1679.8330078125
1680.8328857422
1681.8327636719
1682.8326416016
1683.8325195312
1684.8325195312
1685.8323974609
1686.8322753906
1687.8321533203
1688.8320312500
1689.8320312500
1690.8319091797
1691.8317871094
1692.8316650391
1693.8315429688
1694.8315429688
1695.8314208984
1696.8312988281
1697.8311767578
1698.8310546875
1699.8309326172
1700.8309326172
1701.8308105469
1702.8306884766
1703.8305664062
1704.8304443359
1705.8304443359
1706.8303222656
1707.8302001953
1708.8300781250
1709.8299560547
1710.8298339844
1711.8298339844
1712.8297119141
1713.8295898438
1714.8294677734
1715.8293457031
1716.8293457031
1717.8292236328
1718.8291015625
1719.8289794922
1720.8288574219
1721.8288574219
1722.8287353516
1723.8286132812
1724.8284912109
1725.8283691406
1726.8282470703
1727.8282470703
1728.8281250000
1729.8280029297
1730.8278808594
1731.8277587891
1732.8277587891
1733.8276367188
1734.8275146484
1735.8273925781
1736.8272705078
1737.8271484375
1738.8271484375
1739.8270263672
1740.8269042969
1741.8267822266
1742.8266601562
1743.8266601562
1744.8265380859
1745.8264160156
1746.8262939453
1747.8261718750
1748.8261718750
1749.8260498047
1750.8259277344
1751.8258056641
1752.8256835938
1753.8255615234
1754.8255615234
1755.8254394531
1756.8253173828
1757.8251953125
1758.8250732422
1759.8250732422
1760.8249511719
1761.8248291016
1762.8247070312
1763.8245849609
1764.8244628906
1765.8244628906
1766.8243408203
1767.8242187500
1768.8240966797
1769.8239746094
1770.8239746094
1771.8238525391
1772.8237304688
1773.8236083984
1774.8234863281
1775.8234863281
1776.8233642578
1777.8232421875
1778.8231201172
1779.8229980469
1780.8228759766
1781.8228759766
1782.8227539062
1783.8226318359
1784.8225097656
1785.8223876953
1786.8223876953
1787.8222656250
1788.8221435547
1789.8220214844
1790.8218994141
1791.8217773438
1792.8217773438
1793.8216552734
1794.8215332031
1795.8214111328
1796.8212890625
1797.8212890625
1798.8211669922
